2333	0
1175	1
39	2
288	3
2337	4
1535	5
1392	6
2268	7
1466	8
860	9
1683	10
866	11
1684	12
2916	13
2770	14
215	15
1759	16
501	17
3578	18
506	19
1250	20
3793	21
509	22
41	23
1610	24
2058	25
3799	26
2997	27
47	28
2700	29
296	30
581	31
1617	32
728	33
299	34
3079	35
2560	36
1909	37
150	38
224	39
3728	40
229	41
6	42
3006	43
2858	44
1046	45
515	46
800	47
50	48
52	49
1191	50
1192	51
733	52
3081	53
377	54
2353	55
1268	56
3083	57
2427	58
3513	59
2428	60
2355	61
2282	62
3514	63
1554	64
1912	65
593	66
2359	67
2716	68
1485	69
2717	70
2571	71
2289	72
162	73
1127	74
3016	75
2070	76
1704	77
3163	78
2437	79
2291	80
1635	81
1279	82
2721	83
2723	84
1921	85
2725	86
1923	87
2580	88
3386	89
3744	90
968	91
896	92
3020	93
1788	94
318	95
176	96
461	97
608	98
1429	99
2159	100
1715	101
1643	102
3249	103
3176	104
1719	105
2806	106
2734	107
1649	108
321	109
2013	110
3100	111
2952	112
1213	113
1794	114
2599	115
1500	116
3105	117
2959	118
1509	119
1721	120
1722	121
1650	122
908	123
1580	124
1653	125
2384	126
1729	127
3476	128
2890	129
3113	130
2028	131
16	132
265	133
2029	134
194	135
551	136
1513	137
3046	138
2318	139
1517	140
1089	141
3260	142
913	143
1730	144
3408	145
3409	146
2607	147
1449	148
1732	149
1733	150
2390	151
1734	152
3266	153
3267	154
919	155
3624	156
2395	157
1594	158
2683	159
412	160
2759	161
994	162
1884	163
1885	164
272	165
24	166
3051	167
348	168
2323	169
1093	170
29	171
562	172
1095	173
1527	174
1529	175
3418	176
2188	177
497	178
202	179
1747	180
2908	181
2762	182
2692	183
1966	184
3499	185
353	186
32	187
1243	188
1897	189
1171	190
3786	191
34	192
356	193
357	194
36	195
714	196
2987	197
648	198
861	199
589	200
442	201
1196	202
380	203
1997	204
1270	205
457	206
1573	207
3753	208
3107	209
474	210
3256	211
110	212
1221	213
480	214
349	215
1753	216
1682	217
216	218
1259	219
1188	220
2706	221
586	222
587	223
2639	224
2136	225
1265	226
2710	227
663	228
590	229
1197	230
2712	231
1198	232
1916	233
597	234
3448	235
231	236
1777	237
2076	238
1278	239
1784	240
246	241
249	242
1358	243
1288	244
2804	245
3608	246
3396	247
3101	248
2598	249
2302	250
2306	251
764	252
2746	253
333	254
1441	255
2174	256
3552	257
778	258
342	259
1887	260
345	261
2321	262
2325	263
3129	264
2329	265
784	266
2907	267
788	268
2766	269
2335	270
1461	271
1394	272
2918	273
435	274
3146	275
3148	276
1546	277
1042	278
440	279
441	280
3809	281
2791	282
2795	283
1059	284
454	285
1701	286
3160	287
2431	288
2507	289
1563	290
1498	291
1136	292
531	293
3174	294
3178	295
104	296
3755	297
2883	298
543	299
3255	300
3182	301
85	302
88	303
986	304
1080	305
481	306
2539	307
1665	308
2396	309
2106	310
2109	311
1307	312
708	313
1673	314
1244	315
2555	316
2629	317
2485	318
2701	319
2568	320
3004	321
1269	322
2713	323
1911	324
3516	325
2643	326
2572	327
2720	328
2722	329
2724	330
2581	331
2805	332
266	333
2828	334
2761	335
2699	336
2856	337
2369	338
3175	339
2888	340
2392	341
2394	342
2975	343
1179	344
2553	345
2554	346
3932	347
3863	348
1253	349
720	350
1185	351
3503	352
223	353
1408	354
3879	355
1193	356
3510	357
2640	358
595	359
300	360
3375	361
235	362
1779	363
163	364
164	365
2140	366
1343	367
1274	368
741	369
3527	370
3457	371
2657	372
316	373
319	374
247	375
1428	376
1356	377
750	378
1284	379
2660	380
2661	381
2662	382
2663	383
2664	384
2667	385
2668	386
3032	387
329	388
3033	389
3108	390
2093	391
3471	392
260	393
2311	394
3114	395
1370	396
2173	397
198	398
1374	399
1376	400
2752	401
3484	402
1019	403
340	404
3700	405
924	406
3701	407
3702	408
780	409
3703	410
2901	411
3704	412
3638	413
30	414
428	415
1601	416
2407	417
1396	418
3713	419
2912	420
3717	421
3576	422
503	423
293	424
3070	425
1614	426
3147	427
2346	428
942	429
3658	430
446	431
1624	432
3156	433
2287	434
2288	435
3662	436
3594	437
1129	438
3300	439
2501	440
527	441
529	442
1200	443
3745	444
1206	445
2009	446
1069	447
3246	448
76	449
2377	450
2010	451
2011	452
3751	453
1210	454
3827	455
1214	456
1215	457
610	458
541	459
1077	460
2526	461
2527	462
2454	463
2528	464
2455	465
2529	466
1584	467
2021	468
3696	469
3699	470
2600	471
628	472
3334	473
2533	474
3269	475
1301	476
2105	477
707	478
1097	479
2613	480
3417	481
2542	482
496	483
2549	484
1748	485
3927	486
1240	487
2116	488
2117	489
2046	490
2985	491
2989	492
2622	493
2628	494
1688	495
2123	496
2052	497
2054	498
2993	499
1186	500
653	501
3438	502
1907	503
588	504
3439	505
1690	506
222	507
1	508
2	509
153	510
158	511
2133	512
2137	513
3877	514
2139	515
3440	516
736	517
737	518
592	519
594	520
596	521
2718	522
2573	523
1918	524
302	525
232	526
1411	527
2141	528
2142	529
168	530
2143	531
2145	532
1344	533
1271	534
3889	535
1275	536
2078	537
3526	538
313	539
2153	540
2080	541
2081	542
2082	543
2083	544
1282	545
2085	546
1357	547
2087	548
2089	549
3461	550
2807	551
2735	552
2739	553
3397	554
3398	555
3399	556
327	557
3034	558
2161	559
2090	560
902	561
1291	562
2167	563
2096	564
1367	565
838	566
839	567
1005	568
1873	569
3479	570
405	571
10	572
1876	573
261	574
262	575
17	576
2248	577
1377	578
1378	579
1379	580
3623	581
1013	582
2826	583
1954	584
1882	585
1956	586
2686	587
3489	588
26	589
2253	590
920	591
1387	592
3705	593
3633	594
783	595
3635	596
1022	597
1960	598
2763	599
3639	600
2764	601
1962	602
1025	603
3494	604
421	605
1028	606
1029	607
1967	608
1968	609
2402	610
2404	611
1606	612
2336	613
2193	614
1391	615
2194	616
1032	617
1033	618
1036	619
434	620
364	621
291	622
292	623
44	624
2414	625
367	626
368	627
48	628
1544	629
2348	630
940	631
2278	632
3723	633
1049	634
2421	635
2422	636
1552	637
1126	638
3668	639
2797	640
1702	641
1562	642
2294	643
1639	644
2000	645
2001	646
2002	647
1499	648
1201	649
2005	650
2006	651
969	652
2872	653
1207	654
2947	655
2948	656
1064	657
532	658
1711	659
466	660
2370	661
3247	662
2373	663
2375	664
2951	665
2014	666
2953	667
2018	668
2019	669
1073	670
616	671
546	672
3252	673
2450	674
475	675
3257	676
86	677
1654	678
1587	679
2020	680
2025	681
2893	682
3698	683
552	684
555	685
1801	686
1804	687
485	688
1805	689
2391	690
95	691
1591	692
1739	693
3911	694
2100	695
1234	696
1094	697
493	698
2616	699
2470	700
2617	701
1676	702
1678	703
208	704
2115	705
2042	706
1242	707
1246	708
3421	709
1756	710
3930	711
1321	712
2990	713
2991	714
1327	715
1258	716
2633	717
2707	718
2490	719
2638	720
3948	721
1407	722
1334	723
1261	724
2064	725
1262	726
1339	727
2644	728
2719	729
2646	730
2647	731
2574	732
1772	733
2648	734
2649	735
165	736
1340	737
1345	738
1277	739
2653	740
1350	741
1792	742
2160	743
1431	744
2094	745
330	746
1371	747
1372	748
1373	749
1375	750
842	751
2687	752
2324	753
858	754
785	755
2836	756
1961	757
420	758
2694	759
3208	760
1608	761
2338	762
2195	763
2841	764
1974	765
3213	766
879	767
2782	768
1982	769
2789	770
2423	771
3082	772
2860	773
2790	774
3596	775
1994	776
2502	777
2366	778
2367	779
2296	780
2004	781
2949	782
1717	783
1644	784
1645	785
2376	786
3752	787
1219	788
1148	789
3325	790
111	791
1655	792
1220	793
3264	794
2393	795
1597	796
2103	797
1090	798
2976	799
3273	800
3928	801
585	802
3000	803
2800	804
3053	805
3268	806
3774	807
3422	808
3423	809
719	810
3426	811
3287	812
2558	813
217	814
1689	815
2053	816
3500	817
2059	818
724	819
3501	820
3502	821
3506	822
3360	823
3361	824
3362	825
1833	826
3	827
4	828
5	829
7	830
2134	831
1409	832
804	833
3441	834
1917	835
303	836
160	837
234	838
161	839
236	840
237	841
2144	842
2146	843
1347	844
818	845
3450	846
673	847
3525	848
3528	849
315	850
317	851
248	852
1422	853
2154	854
1425	855
1285	856
2802	857
252	858
185	859
3039	860
830	861
832	862
762	863
3614	864
1298	865
765	866
3543	867
1003	868
694	869
1947	870
11	871
3040	872
337	873
2312	874
2313	875
339	876
267	877
195	878
2316	879
2243	880
2245	881
2247	882
2822	883
1015	884
1880	885
1955	886
1883	887
413	888
1957	889
1958	890
416	891
344	892
1888	893
276	894
278	895
3056	896
1380	897
1381	898
2259	899
1457	900
852	901
1388	902
3707	903
1020	904
2906	905
1021	906
350	907
424	908
3130	909
2403	910
429	911
3206	912
2406	913
3063	914
2261	915
38	916
2262	917
2409	918
1463	919
1390	920
2266	921
1393	922
2269	923
1100	924
1101	925
2915	926
500	927
1035	928
432	929
3210	930
2779	931
361	932
2411	933
2412	934
2340	935
45	936
1541	937
3219	938
2418	939
3584	940
511	941
370	942
517	943
518	944
445	945
2420	946
3152	947
2424	948
2352	949
378	950
1625	951
2429	952
1556	953
3590	954
3591	955
2794	956
450	957
524	958
2798	959
381	960
455	961
62	962
1703	963
3308	964
64	965
3098	966
1569	967
2003	968
2942	969
1135	970
2875	971
605	972
609	973
463	974
539	975
1713	976
1640	977
467	978
74	979
3173	980
3248	981
2447	982
2012	983
2950	984
2881	985
3684	986
3686	987
612	988
540	989
3688	990
3689	991
542	992
471	993
472	994
1079	995
3253	996
3254	997
3259	998
2459	999
2387	1000
1586	1001
1588	1002
118	1003
3835	1004
3690	1005
550	1006
1084	1007
3331	1008
1088	1009
3261	1010
3263	1011
487	1012
2463	1013
94	1014
3194	1015
1663	1016
122	1017
1593	1018
2469	1019
125	1020
1302	1021
3846	1022
1092	1023
491	1024
1810	1025
2541	1026
3274	1027
2473	1028
499	1029
207	1030
135	1031
2111	1032
1247	1033
1176	1034
3943	1035
3949	1036
1922	1037
3554	1038
3072	1039
1545	1040
1041	1041
3155	1042
2442	1043
1216	1044
1657	1045
2966	1046
2544	1047
3507	1048
3363	1049
2208	1050
2135	1051
2065	1052
3012	1053
1276	1054
3524	1055
3451	1056
3022	1057
3028	1058
1281	1059
3462	1060
1937	1061
2300	1062
3104	1063
3037	1064
901	1065
905	1066
1297	1067
2747	1068
910	1069
21	1070
921	1071
3200	1072
933	1073
934	1074
3640	1075
1976	1076
946	1077
2922	1078
947	1079
2780	1080
3088	1081
951	1082
955	1083
957	1084
2935	1085
2936	1086
1125	1087
2792	1088
3096	1089
961	1090
3740	1091
3671	1092
2870	1093
3675	1094
898	1095
2874	1096
3244	1097
2371	1098
3685	1099
3189	1100
3836	1101
1230	1102
1304	1103
1235	1104
3341	1105
3349	1106
3298	1107
2961	1108
2605	1109
2550	1110
1754	1111
3798	1112
2709	1113
151	1114
3011	1115
2077	1116
745	1117
3466	1118
904	1119
1294	1120
2097	1121
3612	1122
3044	1123
912	1124
1952	1125
1030	1126
2846	1127
1983	1128
1984	1129
1985	1130
1986	1131
3153	1132
953	1133
3168	1134
2297	1135
891	1136
107	1137
3821	1138
2017	1139
3251	1140
1223	1141
2968	1142
2460	1143
2461	1144
2462	1145
2399	1146
3771	1147
2107	1148
3412	1149
494	1150
2471	1151
2110	1152
2043	1153
1821	1154
3284	1155
1680	1156
3358	1157
140	1158
144	1159
218	1160
2124	1161
3504	1162
3436	1163
2491	1164
1835	1165
2492	1166
2496	1167
2205	1168
3873	1169
3874	1170
802	1171
1914	1172
305	1173
1414	1174
671	1175
1782	1176
2150	1177
2155	1178
1353	1179
1286	1180
753	1181
3534	1182
2738	1183
186	1184
900	1185
1292	1186
2168	1187
1296	1188
3540	1189
909	1190
691	1191
2671	1192
697	1193
1948	1194
1875	1195
2241	1196
3045	1197
911	1198
914	1199
915	1200
916	1201
1014	1202
779	1203
1016	1204
2829	1205
1018	1206
1959	1207
25	1208
3052	1209
2252	1210
1453	1211
928	1212
1894	1213
1600	1214
355	1215
2331	1216
35	1217
3061	1218
287	1219
289	1220
2339	1221
1537	1222
1398	1223
937	1224
2849	1225
2415	1226
46	1227
2416	1228
2417	1229
3076	1230
943	1231
1043	1232
371	1233
447	1234
2426	1235
2356	1236
3087	1237
1057	1238
1632	1239
2292	1240
3097	1241
1566	1242
3099	1243
3812	1244
3814	1245
2941	1246
899	1247
2443	1248
1641	1249
468	1250
469	1251
1571	1252
2015	1253
2884	1254
3258	1255
2385	1256
1226	1257
1083	1258
489	1259
2468	1260
1666	1261
2037	1262
633	1263
492	1264
566	1265
205	1266
1677	1267
3852	1268
1252	1269
1267	1270
661	1271
2344	1272
112	1273
3265	1274
159	1275
2641	1276
3452	1277
3615	1278
13	1279
376	1280
3735	1281
1054	1282
3741	1283
1204	1284
89	1285
556	1286
3785	1287
3861	1288
2126	1289
3952	1290
1518	1291
1385	1292
886	1293
1589	1294
996	1295
145	1296
3617	1297
423	1298
3646	1299
1047	1300
70	1301
3697	1302
93	1303
3916	1304
1233	1305
1183	1306
3019	1307
3060	1308
1845	1309
2786	1310
514	1311
1060	1312
1249	1313
1320	1314
3937	1315
3864	1316
3868	1317
2057	1318
1333	1319
1264	1320
1199	1321
674	1322
748	1323
3024	1324
3893	1325
1287	1326
903	1327
1295	1328
695	1329
2315	1330
2176	1331
849	1332
2184	1333
926	1334
2405	1335
1603	1336
2408	1337
2410	1338
880	1339
954	1340
2363	1341
2364	1342
2365	1343
3328	1344
2456	1345
3404	1346
2530	1347
2531	1348
2532	1349
1590	1350
2467	1351
3198	1352
2615	1353
1674	1354
1831	1355
1760	1356
1694	1357
2642	1358
2728	1359
172	1360
173	1361
2808	1362
1862	1363
2744	1364
196	1365
1010	1366
3481	1367
1965	1368
1103	1369
2919	1370
1037	1371
3654	1372
2857	1373
519	1374
379	1375
3802	1376
3660	1377
1120	1378
3663	1379
3664	1380
1124	1381
3593	1382
2867	1383
66	1384
2944	1385
2871	1386
1205	1387
1208	1388
392	1389
3826	1390
1217	1391
611	1392
1222	1393
1224	1394
2891	1395
1225	1396
1231	1397
2034	1398
2038	1399
3923	1400
1311	1401
2118	1402
2986	1403
1251	1404
1254	1405
650	1406
3871	1407
2067	1408
1266	1409
3018	1410
2147	1411
1272	1412
1421	1413
1283	1414
1293	1415
923	1416
3201	1417
3134	1418
930	1419
938	1420
945	1421
3224	1422
3157	1423
950	1424
3089	1425
959	1426
3307	1427
3091	1428
3095	1429
965	1430
976	1431
978	1432
3185	1433
2398	1434
3414	1435
3350	1436
3359	1437
3435	1438
2565	1439
314	1440
2731	1441
1935	1442
3469	1443
3545	1444
2670	1445
3549	1446
1949	1447
199	1448
1951	1449
1953	1450
28	1451
3655	1452
58	1453
3808	1454
3811	1455
3742	1456
3816	1457
2943	1458
1066	1459
1212	1460
615	1461
1081	1462
1228	1463
3910	1464
1300	1465
1303	1466
1237	1467
1241	1468
1172	1469
3882	1470
3897	1471
786	1472
3238	1473
3316	1474
3190	1475
3511	1476
3555	1477
3564	1478
3743	1479
3908	1480
3784	1481
3789	1482
1177	1483
1256	1484
2130	1485
1401	1486
2206	1487
1263	1488
806	1489
2069	1490
664	1491
2212	1492
3015	1493
2079	1494
3103	1495
3109	1496
1432	1497
1363	1498
1366	1499
906	1500
1299	1501
3110	1502
2314	1503
2177	1504
848	1505
1450	1506
2183	1507
922	1508
2186	1509
782	1510
929	1511
3068	1512
931	1513
932	1514
1395	1515
3142	1516
2413	1517
2341	1518
3145	1519
3074	1520
2272	1521
1477	1522
949	1523
1620	1524
1629	1525
1488	1526
956	1527
2435	1528
2436	1529
2290	1530
960	1531
3317	1532
100	1533
105	1534
974	1535
1727	1536
2457	1537
3330	1538
1735	1539
3197	1540
2472	1541
2474	1542
132	1543
3420	1544
3424	1545
141	1546
3430	1547
3508	1548
3365	1549
3296	1550
225	1551
3518	1552
230	1553
3529	1554
2729	1555
1783	1556
3600	1557
3602	1558
1931	1559
1934	1560
3468	1561
1938	1562
254	1563
182	1564
3613	1565
2819	1566
1944	1567
1945	1568
1946	1569
3478	1570
269	1571
2820	1572
1950	1573
3629	1574
3557	1575
2755	1576
410	1577
2757	1578
418	1579
279	1580
3706	1581
3634	1582
1964	1583
3498	1584
281	1585
1104	1586
431	1587
360	1588
508	1589
437	1590
3724	1591
3729	1592
1050	1593
3738	1594
2863	1595
2939	1596
521	1597
451	1598
382	1599
2940	1600
1203	1601
2946	1602
1209	1603
465	1604
78	1605
79	1606
1078	1607
82	1608
2023	1609
1227	1610
1082	1611
1086	1612
3841	1613
3844	1614
1161	1615
630	1616
1096	1617
1099	1618
2112	1619
3929	1620
1245	1621
1173	1622
640	1623
3005	1624
3007	1625
2310	1626
3115	1627
2505	1628
1707	1629
2606	1630
166	1631
2596	1632
2672	1633
2678	1634
2827	1635
2688	1636
2693	1637
2772	1638
1416	1639
2913	1640
3869	1641
1187	1642
3124	1643
3301	1644
1419	1645
869	1646
2357	1647
123	1648
2583	1649
1963	1650
575	1651
577	1652
8	1653
1405	1654
801	1655
2152	1656
1359	1657
2162	1658
2092	1659
837	1660
3054	1661
1460	1662
1474	1663
1551	1664
2354	1665
3159	1666
1489	1667
885	1668
2430	1669
1495	1670
1582	1671
3400	1672
1806	1673
1592	1674
2559	1675
146	1676
1919	1677
1848	1678
238	1679
239	1680
169	1681
1920	1682
181	1683
258	1684
19	1685
3483	1686
502	1687
362	1688
60	1689
87	1690
2899	1691
558	1692
700	1693
2036	1694
631	1695
709	1696
711	1697
3794	1698
3946	1699
3898	1700
1446	1701
3710	1702
536	1703
3783	1704
718	1705
805	1706
1459	1707
1762	1708
256	1709
1892	1710
55	1711
3067	1712
2927	1713
3730	1714
2973	1715
3788	1716
2073	1717
3035	1718
268	1719
2788	1720
1238	1721
534	1722
553	1723
1248	1724
2203	1725
3870	1726
2204	1727
2210	1728
2303	1729
1507	1730
907	1731
918	1732
3204	1733
936	1734
944	1735
3093	1736
971	1737
973	1738
3196	1739
1596	1740
2612	1741
3384	1742
1929	1743
1936	1744
1939	1745
1940	1746
3551	1747
2932	1748
3736	1749
2937	1750
3896	1751
3186	1752
1824	1753
3285	1754
3515	1755
3453	1756
3454	1757
3536	1758
3616	1759
3553	1760
1012	1761
3556	1762
1027	1763
2938	1764
3825	1765
3901	1766
2285	1767
998	1768
2840	1769
2771	1770
3649	1771
2861	1772
3763	1773
3029	1774
1515	1775
2132	1776
2181	1777
3230	1778
1661	1779
3340	1780
3370	1781
1925	1782
3467	1783
1942	1784
2917	1785
3726	1786
2852	1787
3683	1788
1147	1789
1167	1790
3938	1791
3521	1792
1977	1793
522	1794
3913	1795
3925	1796
1542	1797
1672	1798
1860	1799
538	1800
477	1801
1325	1802
1260	1803
2138	1804
2066	1805
2182	1806
3429	1807
1024	1808
2102	1809
3883	1810
3895	1811
3327	1812
3354	1813
3512	1814
1971	1815
3917	1816
2099	1817
2566	1818
1009	1819
1017	1820
1023	1821
1031	1822
73	1823
2033	1824
836	1825
240	1826
3918	1827
3203	1828
1623	1829
2453	1830
2540	1831
157	1832
3537	1833
1995	1834
3764	1835
2121	1836
2122	1837
1322	1838
3939	1839
1326	1840
1328	1841
2995	1842
1329	1843
3941	1844
3942	1845
1337	1846
3013	1847
3017	1848
2149	1849
2088	1850
829	1851
3036	1852
1290	1853
1438	1854
2322	1855
2327	1856
2328	1857
2401	1858
2334	1859
3138	1860
1616	1861
1479	1862
2368	1863
2515	1864
2517	1865
2519	1866
2448	1867
2451	1868
2525	1869
3403	1870
2476	1871
204	1872
2478	1873
1681	1874
2634	1875
2635	1876
2637	1877
2645	1878
2652	1879
1924	1880
1785	1881
177	1882
2736	1883
2665	1884
324	1885
253	1886
328	1887
2817	1888
2818	1889
332	1890
407	1891
12	1892
3480	1893
273	1894
3708	1895
3491	1896
3565	1897
1969	1898
1978	1899
1979	1900
3659	1901
2787	1902
1987	1903
1988	1904
3806	1905
1992	1906
1128	1907
1993	1908
1996	1909
1999	1910
1130	1911
2877	1912
2878	1913
606	1914
533	1915
393	1916
3754	1917
2026	1918
3693	1919
3694	1920
3840	1921
3843	1922
3770	1923
2104	1924
3919	1925
2971	1926
3921	1927
2113	1928
3926	1929
2119	1930
3859	1931
2125	1932
1257	1933
3062	1934
2273	1935
941	1936
892	1937
3406	1938
507	1939
2978	1940
241	1941
3538	1942
2876	1943
2114	1944
2048	1945
3934	1946
742	1947
1091	1948
647	1949
3791	1950
3792	1951
2202	1952
599	1953
3014	1954
2072	1955
1352	1956
1355	1957
3102	1958
2236	1959
3111	1960
2249	1961
1389	1962
2260	1963
2263	1964
2267	1965
3211	1966
3071	1967
1615	1968
2347	1969
948	1970
875	1971
1621	1972
3304	1973
2433	1974
1633	1975
3167	1976
3169	1977
897	1978
2518	1979
101	1980
2374	1981
2378	1982
2379	1983
2524	1984
2380	1985
2381	1986
2382	1987
2383	1988
982	1989
3405	1990
2537	1991
3270	1992
3271	1993
1816	1994
2546	1995
2551	1996
2702	1997
3505	1998
3509	1999
1693	2000
1841	2001
3387	2002
3388	2003
3389	2004
259	2005
2741	2006
2815	2007
3619	2008
2745	2009
2749	2010
14	2011
2750	2012
415	2013
20	2014
22	2015
3497	2016
280	2017
1975	2018
436	2019
1112	2020
3727	2021
2928	2022
373	2023
2866	2024
1991	2025
383	2026
458	2027
387	2028
603	2029
71	2030
2956	2031
544	2032
81	2033
3766	2034
2108	2035
3849	2036
715	2037
3865	2038
3795	2039
678	2040
1605	2041
1476	2042
3150	2043
2284	2044
991	2045
3357	2046
2561	2047
1834	2048
1889	2049
2769	2050
290	2051
3720	2052
3747	2053
3822	2054
3756	2055
3857	2056
3132	2057
3073	2058
3311	2059
645	2060
574	2061
649	2062
1180	2063
1189	2064
665	2065
668	2066
1280	2067
1354	2068
824	2069
766	2070
2171	2071
846	2072
3125	2073
781	2074
1543	2075
117	2076
2609	2077
3416	2078
1827	2079
211	2080
147	2081
1900	2082
1840	2083
2575	2084
306	2085
1859	2086
175	2087
180	2088
3477	2089
2676	2090
2677	2091
406	2092
190	2093
2696	2094
2697	2095
1895	2096
2925	2097
2929	2098
3819	2099
3746	2100
535	2101
617	2102
627	2103
97	2104
1310	2105
2506	2106
2361	2107
2499	2108
312	2109
1858	2110
69	2111
3760	2112
2998	2113
1464	2114
1619	2115
2497	2116
154	2117
233	2118
242	2119
42	2120
2873	2121
2360	2122
213	2123
3364	2124
735	2125
2148	2126
206	2127
2495	2128
1856	2129
3539	2130
3627	2131
512	2132
3679	2133
1218	2134
3606	2135
3535	2136
1941	2137
3801	2138
490	2139
1699	2140
1797	2141
3860	2142
3950	2143
2301	2144
1502	2145
2091	2146
1539	2147
1612	2148
3225	2149
3302	2150
1564	2151
3179	2152
1648	2153
3324	2154
1658	2155
987	2156
3275	2157
2482	2158
1904	2159
2567	2160
1767	2161
3299	2162
156	2163
179	2164
322	2165
3618	2166
338	2167
417	2168
425	2169
1896	2170
427	2171
3712	2172
3581	2173
3598	2174
68	2175
1202	2176
3749	2177
72	2178
3823	2179
1211	2180
3831	2181
2962	2182
2969	2183
1306	2184
1236	2185
638	2186
498	2187
2041	2188
2279	2189
1194	2190
1273	2191
3030	2192
2255	2193
2349	2194
2295	2195
3199	2196
3342	2197
209	2198
3519	2199
3394	2200
3395	2201
271	2202
2905	2203
352	2204
2851	2205
372	2206
3733	2207
2796	2208
3672	2209
464	2210
3834	2211
1162	2212
2977	2213
564	2214
639	2215
1812	2216
1998	2217
2120	2218
809	2219
1342	2220
688	2221
2166	2222
692	2223
2170	2224
1456	2225
1604	2226
1465	2227
1468	2228
799	2229
1473	2230
1475	2231
2280	2232
1627	2233
2439	2234
1497	2235
2514	2236
2516	2237
3177	2238
2389	2239
1599	2240
1744	2241
2548	2242
2625	2243
3355	2244
1752	2245
3286	2246
1687	2247
1902	2248
152	2249
1769	2250
1771	2251
170	2252
1866	2253
2597	2254
1869	2255
1799	2256
188	2257
3709	2258
2835	2259
3566	2260
1973	2261
438	2262
366	2263
1119	2264
2793	2265
459	2266
548	2267
479	2268
2965	2269
2898	2270
98	2271
2974	2272
704	2273
3782	2274
2996	2275
2165	2276
831	2277
1611	2278
1613	2279
2504	2280
2513	2281
3243	2282
984	2283
3401	2284
3262	2285
203	2286
2803	2287
3392	2288
3546	2289
193	2290
18	2291
346	2292
1051	2293
3673	2294
3674	2295
3676	2296
3758	2297
473	2298
201	2299
2748	2300
277	2301
2060	2302
2231	2303
2240	2304
3117	2305
876	2306
952	2307
2372	2308
3250	2309
3329	2310
1728	2311
1926	2312
1927	2313
1928	2314
2587	2315
1930	2316
1932	2317
1933	2318
255	2319
1943	2320
3548	2321
3475	2322
2924	2323
1178	2324
659	2325
3002	2326
3872	2327
669	2328
3010	2329
3951	2330
1413	2331
1415	2332
3885	2333
670	2334
680	2335
1289	2336
3038	2337
1361	2338
2238	2339
3047	2340
2178	2341
2180	2342
854	2343
3069	2344
3075	2345
2351	2346
3235	2347
1631	2348
3090	2349
2511	2350
3241	2351
2512	2352
2440	2353
1572	2354
970	2355
3188	2356
3192	2357
2488	2358
2630	2359
2708	2360
3366	2361
1910	2362
1913	2363
3379	2364
2579	2365
307	2366
308	2367
2726	2368
3456	2369
2659	2370
2732	2371
183	2372
3470	2373
3547	2374
2824	2375
3559	2376
2689	2377
2830	2378
3568	2379
3571	2380
3718	2381
1034	2382
2774	2383
2920	2384
3731	2385
2864	2386
456	2387
1131	2388
1132	2389
1061	2390
3678	2391
2879	2392
1068	2393
3680	2394
3681	2395
3682	2396
2880	2397
549	2398
3903	2399
3837	2400
1085	2401
99	2402
3914	2403
3915	2404
2970	2405
1305	2406
1232	2407
3855	2408
2983	2409
3787	2410
1011	2411
3767	2412
3768	2413
2050	2414
3144	2415
1169	2416
1323	2417
2520	2418
2475	2419
2419	2420
3449	2421
2552	2422
571	2423
573	2424
3008	2425
803	2426
2071	2427
685	2428
1365	2429
3118	2430
2250	2431
3128	2432
851	2433
1397	2434
1399	2435
3077	2436
2276	2437
1547	2438
1480	2439
1482	2440
1487	2441
2432	2442
2434	2443
3320	2444
1725	2445
988	2446
1660	2447
2610	2448
2611	2449
2479	2450
2621	2451
3425	2452
3281	2453
1836	2454
2493	2455
2711	2456
301	2457
171	2458
2801	2459
2590	2460
187	2461
351	2462
426	2463
282	2464
3711	2465
40	2466
365	2467
43	2468
369	2469
448	2470
57	2471
523	2472
388	2473
613	2474
476	2475
83	2476
84	2477
2024	2478
621	2479
483	2480
870	2481
1609	2482
409	2483
65	2484
9	2485
3886	2486
2169	2487
761	2488
2320	2489
1626	2490
1647	2491
2614	2492
1825	2493
227	2494
2570	2495
257	2496
1004	2497
358	2498
504	2499
3810	2500
391	2501
547	2502
2894	2503
569	2504
3135	2505
137	2506
2626	2507
2498	2508
334	2509
3909	2510
747	2511
1646	2512
1007	2513
3127	2514
3078	2515
3162	2516
1874	2517
2690	2518
2865	2519
1346	2520
2265	2521
798	2522
2445	2523
3180	2524
999	2525
1746	2526
2714	2527
2651	2528
2654	2529
1854	2530
174	2531
408	2532
191	2533
414	2534
275	2535
354	2536
430	2537
433	2538
516	2539
520	2540
2889	2541
2027	2542
637	2543
710	2544
1190	2545
1642	2546
2589	2547
27	2548
31	2549
2921	2550
2022	2551
1427	2552
917	2553
1523	2554
1531	2555
2051	2556
1410	2557
2151	2558
1503	2559
2163	2560
2098	2561
3041	2562
3042	2563
3043	2564
3048	2565
1445	2566
3120	2567
1526	2568
1602	2569
3064	2570
3217	2571
2345	2572
3086	2573
2286	2574
964	2575
102	2576
3427	2577
148	2578
1839	2579
3447	2580
2582	2581
3385	2582
1855	2583
1857	2584
2730	2585
1863	2586
3622	2587
3496	2588
505	2589
3725	2590
3653	2591
2926	2592
444	2593
374	2594
3804	2595
2007	2596
602	2597
537	2598
2016	2599
3695	2600
2967	2601
482	2602
2031	2603
2032	2604
2035	2605
2040	2606
2900	2607
3824	2608
1076	2609
325	2610
15	2611
419	2612
2062	2613
2305	2614
835	2615
3326	2616
3851	2617
2988	2618
2232	2619
1382	2620
3139	2621
3066	2622
1726	2623
3347	2624
2477	2625
3367	2626
3444	2627
2650	2628
2655	2629
2656	2630
3550	2631
3628	2632
3487	2633
2902	2634
3643	2635
3732	2636
3807	2637
3599	2638
3769	2639
1980	2640
2330	2641
963	2642
2047	2643
927	2644
1348	2645
759	2646
2239	2647
453	2648
2799	2649
619	2650
486	2651
3055	2652
2848	2653
2362	2654
3181	2655
2388	2656
3569	2657
3945	2658
882	2659
126	2660
1598	2661
3345	2662
3544	2663
3488	2664
1970	2665
1972	2666
2784	2667
3820	2668
2886	2669
3839	2670
3121	2671
2979	2672
935	2673
2781	2674
2704	2675
3372	2676
2585	2677
2095	2678
1058	2679
725	2680
580	2681
1362	2682
2446	2683
1743	2684
1670	2685
3446	2686
1123	2687
1332	2688
2464	2689
2903	2690
1981	2691
1990	2692
2868	2693
3838	2694
3276	2695
2812	2696
1822	2697
1826	2698
343	2699
484	2700
2219	2701
808	2702
3106	2703
2237	2704
1442	2705
1483	2706
2521	2707
113	2708
2386	2709
1667	2710
3272	2711
3289	2712
1686	2713
3445	2714
2594	2715
331	2716
2682	2717
3579	2718
3813	2719
460	2720
635	2721
2045	2722
1755	2723
2882	2724
1317	2725
667	2726
743	2727
833	2728
3112	2729
1525	2730
1484	2731
3239	2732
1490	2733
3240	2734
243	2735
3390	2736
1798	2737
3715	2738
3597	2739
470	2740
488	2741
3858	2742
1404	2743
1351	2744
1511	2745
2175	2746
2271	2747
2425	2748
1550	2749
2281	2750
3094	2751
2293	2752
3318	2753
1651	2754
3183	2755
1662	2756
993	2757
997	2758
2620	2759
2624	2760
1791	2761
1006	2762
335	2763
422	2764
3719	2765
2844	2766
1114	2767
1053	2768
75	2769
2885	2770
92	2771
570	2772
326	2773
2400	2774
3133	2775
3604	2776
1067	2777
3936	2778
1750	2779
3393	2780
3670	2781
3922	2782
2816	2783
124	2784
3391	2785
2859	2786
1150	2787
3610	2788
1008	2789
583	2790
2084	2791
1508	2792
1472	2793
3158	2794
3165	2795
893	2796
2458	2797
1659	2798
119	2799
210	2800
228	2801
309	2802
250	2803
336	2804
2767	2805
283	2806
54	2807
525	2808
384	2809
478	2810
3773	2811
662	2812
1454	2813
2500	2814
2669	2815
1516	2816
3626	2817
116	2818
1807	2819
807	2820
2055	2821
2896	2822
3947	2823
2196	2824
1906	2825
96	2826
1406	2827
2483	2828
3935	2829
1255	2830
1330	2831
1331	2832
1341	2833
3021	2834
2465	2835
3351	2836
3459	2837
2740	2838
3473	2839
2754	2840
3637	2841
2853	2842
3661	2843
3692	2844
746	2845
1152	2846
106	2847
1809	2848
528	2849
2715	2850
1184	2851
828	2852
2837	2853
63	2854
214	2855
2264	2856
2068	2857
2157	2858
2179	2859
1496	2860
2618	2861
341	2862
3912	2863
3924	2864
1417	2865
3221	2866
2535	2867
1695	2868
2862	2869
495	2870
3577	2871
2074	2872
3933	2873
3790	2874
2992	2875
3031	2876
3428	2877
3431	2878
3432	2879
2494	2880
3490	2881
2847	2882
2854	2883
2855	2884
3667	2885
3832	2886
3691	2887
2128	2888
1336	2889
2326	2890
1731	2891
129	2892
2737	2893
184	2894
3721	2895
2785	2896
3739	2897
565	2898
2044	2899
2982	2900
813	2901
3625	2902
3567	2903
810	2904
2972	2905
568	2906
1440	2907
2201	2908
2342	2909
1656	2910
3214	2911
1881	2912
626	2913
656	2914
881	2915
56	2916
1412	2917
263	2918
462	2919
121	2920
1758	2921
1837	2922
3931	2923
3648	2924
1893	2925
877	2926
3920	2927
716	2928
2275	2929
1669	2930
1595	2931
2586	2932
2810	2933
3433	2934
2522	2935
37	2936
1437	2937
390	2938
3900	2939
1844	2940
2131	2941
3797	2942
270	2943
295	2944
1581	2945
2733	2946
61	2947
3531	2948
754	2949
2743	2950
513	2951
3344	2952
731	2953
2211	2954
2227	2955
2256	2956
992	2957
1817	2958
3434	2959
3442	2960
1853	2961
1867	2962
2164	2963
3141	2964
3313	2965
2523	2966
3343	2967
3520	2968
2753	2969
3734	2970
1055	2971
561	2972
3620	2973
1583	2974
3573	2975
2751	2976
2075	2977
2897	2978
3759	2979
2627	2980
3765	2981
3588	2982
3058	2983
1692	2984
3878	2985
3587	2986
760	2987
3862	2988
3140	2989
3780	2990
1439	2991
3463	2992
3669	2993
1170	2994
1383	2995
304	2996
2452	2997
2842	2998
3223	2999
1846	3000
2674	3001
1111	3002
3677	3003
1312	3004
1567	3005
136	3006
3714	3007
80	3008
2200	3009
23	3010
2086	3011
3092	3012
850	3013
767	3014
2486	3015
1879	3016
1117	3017
614	3018
3854	3019
3884	3020
2577	3021
167	3022
347	3023
2773	3024
3580	3025
1040	3026
1044	3027
385	3028
510	3029
888	3030
2695	3031
3339	3032
2679	3033
3845	3034
298	3035
2666	3036
2681	3037
3306	3038
3310	3039
2207	3040
1458	3041
1494	3042
990	3043
274	3044
2850	3045
1113	3046
867	3047
2509	3048
3184	3049
2778	3050
375	3051
2727	3052
3143	3053
3665	3054
3572	3055
3830	3056
2187	3057
2189	3058
103	3059
2843	3060
3309	3061
1668	3062
1814	3063
2481	3064
1696	3065
1870	3066
1151	3067
3319	3068
1585	3069
2945	3070
3761	3071
1153	3072
2283	3073
722	3074
443	3075
3122	3076
294	3077
3940	3078
2449	3079
3805	3080
3562	3081
449	3082
452	3083
3371	3084
155	3085
2244	3086
3563	3087
3944	3088
2691	3089
3894	3090
841	3091
2593	3092
3781	3093
3218	3094
3402	3095
3833	3096
2536	3097
3001	3098
1426	3099
3611	3100
1313	3101
840	3102
2350	3103
3775	3104
3776	3105
1144	3106
681	3107
3154	3108
2934	3109
2981	3110
1622	3111
1636	3112
980	3113
1679	3114
3464	3115
2317	3116
3137	3117
3368	3118
2008	3119
394	3120
702	3121
363	3122
2049	3123
2190	3124
3171	3125
1671	3126
1865	3127
114	3128
705	3129
1829	3130
1898	3131
108	3132
2758	3133
2813	3134
2129	3135
1533	3136
2192	3137
3796	3138
1471	3139
3867	3140
1519	3141
2545	3142
2775	3143
59	3144
1063	3145
3902	3146
411	3147
600	3148
3716	3149
1098	3150
1455	3151
3222	3152
1493	3153
1864	3154
2839	3155
1369	3156
3374	3157
178	3158
1038	3159
2923	3160
386	3161
1105	3162
3847	3163
1324	3164
1335	3165
2257	3166
2809	3167
3632	3168
3645	3169
3532	3170
1575	3171
1087	3172
958	3173
3492	3174
3437	3175
3586	3176
2705	3177
2756	3178
2056	3179
1423	3180
967	3181
2814	3182
3486	3183
3642	3184
3335	3185
2298	3186
1436	3187
769	3188
1447	3189
1675	3190
245	3191
3605	3192
1872	3193
1899	3194
1116	3195
1504	3196
698	3197
862	3198
1574	3199
131	3200
1749	3201
149	3202
197	3203
2765	3204
2776	3205
1056	3206
3737	3207
962	3208
2466	3209
1849	3210
3465	3211
251	3212
1121	3213
1154	3214
1181	3215
2562	3216
220	3217
2307	3218
1565	3219
219	3220
1570	3221
3906	3222
128	3223
751	3224
755	3225
925	3226
3415	3227
3419	3228
2632	3229
3292	3230
3338	3231
2441	3232
844	3233
359	3234
2101	3235
3817	3236
3905	3237
2246	3238
1168	3239
3026	3240
77	3241
1349	3242
1163	3243
2221	3244
1811	3245
212	3246
320	3247
1793	3248
310	3249
1538	3250
397	3251
3574	3252
703	3253
297	3254
2397	3255
389	3256
3283	3257
632	3258
3848	3259
3474	3260
815	3261
3523	3262
939	3263
2994	3264
2158	3265
1520	3266
3049	3267
1420	3268
3641	3269
652	3270
726	3271
3652	3272
3892	3273
1000	3274
2964	3275
2658	3276
3666	3277
1549	3278
3592	3279
200	3280
1501	3281
1384	3282
2444	3283
2834	3284
811	3285
2209	3286
2185	3287
1532	3288
966	3289
874	3290
189	3291
2534	3292
3050	3293
244	3294
3570	3295
2636	3296
3644	3297
3818	3298
2892	3299
1522	3300
1174	3301
2197	3302
3116	3303
1026	3304
2930	3305
972	3306
3333	3307
3585	3308
2234	3309
526	3310
554	3311
3207	3312
2569	3313
2557	3314
1878	3315
3003	3316
3850	3317
3161	3318
1718	3319
1444	3320
2931	3321
771	3322
3443	3323
3495	3324
2768	3325
598	3326
567	3327
1850	3328
1890	3329
1741	3330
3636	3331
53	3332
793	3333
3410	3334
49	3335
3803	3336
2777	3337
1901	3338
3245	3339
3025	3340
775	3341
1891	3342
1138	3343
3875	3344
2783	3345
3757	3346
3777	3347
3303	3348
2984	3349
563	3350
90	3351
2156	3352
560	3353
2904	3354
2914	3355
1770	3356
2602	3357
3027	3358
1989	3359
1433	3360
2332	3361
1486	3362
3866	3363
3215	3364
1071	3365
2675	3366
863	3367
618	3368
1160	3369
3853	3370
1514	3371
1534	3372
2191	3373
3149	3374
2911	3375
2933	3376
732	3377
2215	3378
2242	3379
1685	3380
2631	3381
3657	3382
3778	3383
3282	3384
1780	3385
847	3386
3166	3387
864	3388
2963	3389
2063	3390
3293	3391
1664	3392
2831	3393
2503	3394
264	3395
3880	3396
1164	3397
