5	0
3586	1
288	2
633	3
601	4
942	5
3003	6
1759	7
2238	8
1165	9
290	10
1323	11
175	12
1845	13
1208	14
708	15
2245	16
709	17
2255	18
467	19
487	20
2418	21
505	22
2086	23
2029	24
496	25
3172	26
1877	27
3996	28
1460	29
510	30
867	31
3726	32
8	33
330	34
5481	35
998	36
805	37
1093	38
265	39
3437	40
2548	41
347	42
413	43
3090	44
326	45
3523	46
266	47
3614	48
5040	49
950	50
823	51
65	52
2375	53
1755	54
2297	55
5289	56
564	57
3008	58
2327	59
533	60
103	61
3073	62
704	63
363	64
164	65
2049	66
2565	67
6	68
81	69
1128	70
1151	71
677	72
2244	73
1740	74
213	75
3295	76
226	77
756	78
1794	79
772	80
1289	81
1805	82
1810	83
1814	84
1310	85
2868	86
846	87
2898	88
2900	89
2904	90
1933	91
1931	92
1932	93
405	94
1950	95
5054	96
967	97
969	98
972	99
973	100
1518	101
2545	102
1564	103
231	104
4723	105
1467	106
6577	107
1296	108
5055	109
986	110
1237	111
1156	112
1772	113
2487	114
212	115
1570	116
5305	117
490	118
2580	119
349	120
1374	121
3272	122
1058	123
2618	124
0	125
1046	126
18	127
24	128
10	129
3940	130
32	131
1056	132
35	133
558	134
727	135
31	136
42	137
125	138
56	139
74	140
75	141
77	142
82	143
87	144
90	145
91	146
95	147
102	148
15	149
104	150
106	151
105	152
110	153
113	154
114	155
356	156
1071	157
1075	158
702	159
888	160
121	161
127	162
128	163
130	164
131	165
1083	166
348	167
1084	168
1086	169
139	170
73	171
140	172
141	173
1101	174
1102	175
243	176
244	177
245	178
283	179
284	180
285	181
389	182
177	183
178	184
180	185
120	186
196	187
198	188
199	189
7	190
204	191
429	192
2635	193
592	194
1142	195
543	196
1103	197
220	198
221	199
225	200
203	201
227	202
346	203
431	204
703	205
236	206
238	207
400	208
628	209
240	210
544	211
1556	212
251	213
678	214
249	215
248	216
253	217
255	218
257	219
1262	220
259	221
262	222
609	223
618	224
631	225
1174	226
1179	227
1187	228
1196	229
1198	230
1207	231
1209	232
1211	233
263	234
282	235
455	236
970	237
2257	238
273	239
275	240
289	241
3673	242
298	243
303	244
304	245
358	246
359	247
395	248
269	249
380	250
381	251
391	252
64	253
845	254
414	255
995	256
445	257
451	258
689	259
22	260
385	261
1282	262
779	263
1294	264
1298	265
1301	266
843	267
464	268
465	269
740	270
750	271
242	272
1302	273
1311	274
951	275
474	276
1024	277
1313	278
1314	279
1320	280
681	281
1332	282
437	283
486	284
489	285
5103	286
1751	287
1061	288
745	289
1334	290
1335	291
1336	292
1110	293
901	294
12	295
157	296
438	297
1340	298
1342	299
191	300
1345	301
1344	302
1349	303
1351	304
1356	305
1358	306
1230	307
1371	308
491	309
624	310
160	311
17	312
355	313
2674	314
504	315
506	316
513	317
514	318
732	319
519	320
525	321
526	322
1108	323
529	324
531	325
691	326
536	327
68	328
539	329
1376	330
1377	331
1378	332
548	333
557	334
117	335
1375	336
655	337
3974	338
643	339
394	340
666	341
599	342
1383	343
1389	344
1392	345
1396	346
561	347
1402	348
578	349
393	350
594	351
1457	352
763	353
1458	354
614	355
1472	356
376	357
636	358
641	359
644	360
580	361
645	362
1486	363
1488	364
1489	365
310	366
3900	367
3406	368
516	369
351	370
1493	371
662	372
2813	373
436	374
299	375
1539	376
268	377
151	378
690	379
692	380
2616	381
3263	382
854	383
737	384
126	385
853	386
2206	387
1545	388
707	389
715	390
523	391
793	392
1644	393
717	394
1546	395
730	396
1558	397
1560	398
1562	399
1566	400
582	401
1235	402
881	403
1468	404
576	405
651	406
63	407
774	408
482	409
172	410
802	411
807	412
819	413
827	414
2440	415
837	416
495	417
945	418
2852	419
634	420
1229	421
434	422
849	423
850	424
767	425
313	426
4583	427
863	428
872	429
4825	430
884	431
889	432
898	433
2104	434
149	435
579	436
1270	437
1729	438
1780	439
163	440
940	441
1775	442
6027	443
953	444
955	445
786	446
2069	447
679	448
1809	449
1752	450
1801	451
1804	452
1252	453
1781	454
981	455
982	456
568	457
988	458
1821	459
2124	460
1824	461
1653	462
1010	463
5079	464
1012	465
1835	466
1840	467
1027	468
1841	469
1028	470
2170	471
1838	472
1033	473
1847	474
1849	475
1852	476
894	477
62	478
1044	479
1014	480
1860	481
1866	482
1867	483
766	484
1869	485
329	486
1477	487
375	488
1971	489
836	490
1271	491
3099	492
1994	493
237	494
2011	495
2015	496
2020	497
2559	498
2030	499
2042	500
1236	501
2064	502
1130	503
1646	504
1645	505
433	506
184	507
2233	508
1578	509
672	510
676	511
2162	512
2256	513
2280	514
234	515
2290	516
1423	517
1432	518
1451	519
1470	520
2227	521
971	522
1272	523
2128	524
2172	525
2223	526
2247	527
2251	528
2253	529
2261	530
742	531
2293	532
1008	533
5299	534
3832	535
4030	536
3441	537
583	538
3070	539
3844	540
5405	541
36	542
3505	543
2762	544
2807	545
1043	546
2372	547
4535	548
2321	549
123	550
4516	551
1621	552
918	553
2352	554
2349	555
396	556
4075	557
4095	558
1628	559
2387	560
2385	561
806	562
1553	563
2395	564
2406	565
2439	566
935	567
2441	568
2376	569
2448	570
2485	571
2489	572
2496	573
3171	574
2509	575
2510	576
2513	577
1506	578
4235	579
2544	580
2560	581
2566	582
952	583
1066	584
2556	585
2613	586
2614	587
337	588
1052	589
2633	590
1741	591
2416	592
1613	593
1141	594
2712	595
1418	596
1419	597
1581	598
2342	599
2573	600
2805	601
2685	602
3743	603
937	604
2697	605
2711	606
1415	607
1109	608
2789	609
321	610
2812	611
422	612
2835	613
2814	614
696	615
6380	616
860	617
3016	618
3019	619
2498	620
3038	621
1676	622
3042	623
3058	624
9440	625
3071	626
3169	627
591	628
167	629
72	630
3143	631
169	632
1732	633
1011	634
890	635
796	636
1652	637
2660	638
3271	639
721	640
470	641
3290	642
2899	643
342	644
1622	645
627	646
3324	647
2479	648
3340	649
3342	650
3357	651
1552	652
3299	653
1662	654
1466	655
2462	656
1701	657
844	658
2588	659
3229	660
168	661
3247	662
3249	663
138	664
2303	665
1643	666
3234	667
3772	668
3300	669
1167	670
4	671
3579	672
3204	673
267	674
3830	675
3836	676
3840	677
2443	678
720	679
2784	680
4720	681
1590	682
3930	683
2423	684
2040	685
4532	686
403	687
1020	688
653	689
3993	690
954	691
3261	692
574	693
2891	694
4021	695
4106	696
968	697
440	698
2912	699
3646	700
4127	701
1903	702
1474	703
4162	704
4330	705
4218	706
3198	707
3233	708
4984	709
994	710
852	711
2850	712
4403	713
1882	714
3259	715
1698	716
2736	717
1723	718
6361	719
3404	720
4461	721
480	722
2801	723
454	724
862	725
4542	726
4528	727
4274	728
4327	729
4571	730
4576	731
4664	732
4805	733
2844	734
4912	735
4926	736
866	737
4999	738
5037	739
5047	740
3214	741
3257	742
7423	743
5423	744
3445	745
1427	746
1475	747
3561	748
1634	749
1815	750
1842	751
368	752
3767	753
3465	754
673	755
535	756
743	757
626	758
1727	759
4046	760
4793	761
1623	762
1844	763
4864	764
4614	765
2497	766
2551	767
1876	768
3719	769
1015	770
3436	771
3264	772
1449	773
4964	774
2720	775
3051	776
1124	777
4810	778
4724	779
1899	780
4335	781
352	782
665	783
2719	784
5650	785
3694	786
784	787
5147	788
2009	789
2356	790
4320	791
6217	792
3252	793
1266	794
3064	795
4617	796
3572	797
1657	798
4735	799
6429	800
4784	801
4857	802
53	803
4566	804
3804	805
11	806
4388	807
3125	808
4245	809
5152	810
1774	811
4910	812
3001	813
1655	814
1709	815
4044	816
209	817
6949	818
2350	819
822	820
3427	821
2427	822
5042	823
1465	824
7040	825
3877	826
4978	827
4039	828
5051	829
2057	830
3756	831
2000	832
4657	833
112	834
924	835
4392	836
4225	837
1947	838
1516	839
3355	840
260	841
2848	842
3082	843
6051	844
795	845
1398	846
5654	847
5945	848
5244	849
218	850
2388	851
3098	852
3617	853
6121	854
2529	855
5126	856
2579	857
5221	858
4038	859
617	860
650	861
4045	862
6222	863
8003	864
5197	865
5567	866
3145	867
3080	868
